HM,7,13,1,1234567,○○訪問看護ステーション,202506,03-1234-5678
GO
RE,0000001,6112,202506,ヤマダ タロウ,山田 太郎,1,19500415,,,12000,
HO,06132013,1234567,101,1,12000,,,,,,,,,,,,,
SN,1,01,,,01,,
JD,1,1,1,1,1,1,1,1,1,1,1,1,1,1,1,1,1,1,1,1,1,1,1,1,1,1,1,1,1,1,1
MF,01,,,,,,,,,,,,,,,,,,,,,,,,,,,,,
IH,13,1,9876543,○○病院,山田 一郎,20250615
HJ,01,20250601,20250830
JS,0103,,
SY,7833001,20190610,1,,,高血圧症,01
SY,E119000,20190610,,,,糖尿病,
RJ,20250601,01,,,,,,,,,,,,,,,,,,,,,,,,,,
KA,20250601,1,123456789,1,8400,03,01,01
KA,20250602,1,123456789,1,8400,03,01,01
KA,20250603,1,123456789,1,8400,03,01,01
KA,20250604,1,123456789,1,8400,03,01,01
KA,20250605,1,123456789,1,8400,03,01,01
KA,20250608,1,123456789,1,8400,03,01,01
KA,20250609,1,123456789,1,8400,03,01,01
KA,20250610,1,123456789,1,8400,03,01,01
KA,20250611,1,123456789,1,8400,03,01,01
KA,20250612,1,123456789,1,8400,03,01,01
KA,20250615,1,123456789,1,8400,03,01,01
KA,20250616,1,123456789,1,8400,03,01,01
KA,20250617,1,123456789,1,8400,03,01,01
KA,20250618,1,123456789,1,8400,03,01,01
KA,20250619,1,123456789,1,8400,03,01,01
RE,0000002,6328,202506,スズキ ハナコ,鈴木 花子,2,19350820,,,15600,
HO,06132013,2345678,202,1,8000,,,,,,,,,,,,,
KO,12345678,1234567,8000,,,,,,,,,,,,,,,,,
SN,1,01,,,02,,
SN,2,01,,,,,
JD,1,,1,,1,,1,,1,,1,,1,,1,,1,,1,,1,,1,,1,,1,
JD,2,,1,,1,,1,,1,,1,,1,,1,,1,,1,,1,,1,,1,,1,
MF,02,,,,,,,,,,,,,,,,,,,,,,,,,,,,,
IH,13,1,9876543,○○病院,佐藤 次郎,20250620
HJ,01,20250601,20250830
JS,0205,,
SY,I500000,20200315,,,,心不全,01
SY,N189000,20200315,,,,慢性腎臓病,
RJ,20250601,01,,,,,,,,,,,,,,,,,,,,,,,,,,
TZ,05,,,介護保険適用中
KA,20250602,1,234567890,1,10500,03,01,01
KA,20250605,1,234567890,1,10500,03,01,01
KA,20250609,1,234567890,1,10500,03,01,01
KA,20250612,1,234567890,1,10500,03,01,01
KA,20250616,1,234567890,1,10500,03,01,01
KA,20250619,1,234567890,1,10500,03,01,01
KA,20250623,1,234567890,1,10500,03,01,01
KA,20250626,1,234567890,1,10500,03,01,01
RE,0000003,6318,202506,タナカ イチロウ,田中 一郎,1,19400710,,,18900,
HO,39131016,3456789,303,1,18900,,,,,,,,,,,,,
SN,1,01,,,01,,
JD,1,1,1,1,1,1,1,1,1,1,1,1,1,1,1,1,1,1,1,1,1,1,1,1,1,1,1,1,1,1,1
MF,,,,,,,,,,,,,,,,,,,,,,,,,,,,,
IH,13,1,8765432,△△クリニック,高橋 三郎,20250625
HJ,01,20250601,20250830
JS,01,,
SY,C349000,20180520,,,,肺がん,01
RJ,20250601,01,,,,,,,,,,,,,,,,20250628,1430,01,,20250628,1445,01,,,,,,,,,,
KA,20250601,3,345678901,1,8400,03,01,01
KA,20250602,3,345678901,1,8400,03,01,01
KA,20250603,3,345678901,1,8400,03,01,01
KA,20250604,3,345678901,1,8400,03,01,01
KA,20250605,3,345678901,1,8400,03,01,01
KA,20250608,3,345678901,1,8400,03,01,01
KA,20250609,3,345678901,1,8400,03,01,01
KA,20250610,3,345678901,1,8400,03,01,01
KA,20250611,3,345678901,1,8400,03,01,01
KA,20250612,3,345678901,1,8400,03,01,01
KA,20250615,3,345678901,1,8400,03,01,01
KA,20250616,3,345678901,1,8400,03,01,01
KA,20250617,3,345678901,1,8400,03,01,01
KA,20250618,3,345678901,1,8400,03,01,01
KA,20250619,3,345678901,1,8400,03,01,01
KA,20250622,3,345678901,1,8400,03,01,01
KA,20250623,3,345678901,1,8400,03,01,01
KA,20250624,3,345678901,1,8400,03,01,01
KA,20250625,3,345678901,1,8400,03,01,01
KA,20250626,3,345678901,1,8400,03,01,01
KA,20250628,3,456789012,1,25000,08,01,01
RE,0000004,6318,202506,ワタナベ サクラ,渡辺 桜,2,19450305,,,8400,
HO,39131016,4567890,404,1,8400,,,,,,,,,,,,,
SN,1,01,,,03,,
JD,1,1,,,,,1,,,,,1,,,,,1,,,,,1,,,,,1,,,,
MF,,,,,,,,,,,,,,,,,,,,,,,,,,,,,
IH,13,1,7654321,◇◇診療所,伊藤 四郎,20250615
HJ,03,20250601,20250630
JS,0406,,
SY,F209000,20210408,,,,統合失調症,01
RJ,20250601,01,,,,,,,,,,,,,,,,,,,,,,,,,,
KS,01,,20250601,20250615
KA,20250601,3,567890123,1,8400,10,01,03
RE,0000005,6112,202506,コバヤシ ジロウ,小林 次郎,1,19600822,,,16800,
HO,06132013,5678901,505,1,16800,,,,,,,,,,,,,
SN,1,01,,,01,,
JD,1,1,1,1,1,1,1,1,1,1,1,1,1,1,1,1,1,1,1,1,,,,,,,,,,,
MF,01,,,,,,,,,,,,,,,,,,,,,,,,,,,,,
IH,13,1,6543210,☆☆整形外科,加藤 五郎,20250620
HJ,01,20250601,20250830
JS,,,
SY,M170900,20220912,,,,変形性膝関節症,01
RJ,20250601,01,,,,,,,,,,,,,,,,,,,,,,,,,,
CO,830500001,訪問場所(1 居宅):東京都新宿区○○1-2-3,
KA,20250601,1,678901234,1,8400,03,01,01
KA,20250602,1,678901234,1,8400,0313,02,01
KA,20250605,1,678901234,1,8400,03,01,01
KA,20250608,1,678901234,1,8400,03,01,01
KA,20250609,1,678901234,1,8400,0313,02,01
KA,20250612,1,678901234,1,8400,03,01,01
KA,20250615,1,678901234,1,8400,03,01,01
KA,20250616,1,678901234,1,8400,0313,02,01
KA,20250619,1,678901234,1,8400,03,01,01
KA,20250622,1,678901234,1,8400,03,01,01
